ChessBoardPoints
[834.16687, 328.14319;
 859.55542, 352.45416;
 882.35217, 376.96664;
 907.16559, 401.33176;
 928.83142, 424.07831;
 953.14459, 448.91849;
 974.46466, 472.53464;
 998.27655, 495.3974;
 810.8205, 350.80173;
 835.97449, 376.80621;
 859.54272, 400.01999;
 883.50348, 425.49319;
 907.24554, 448.05273;
 930.10846, 473.04877;
 954.29077, 495.58578;
 975.48108, 517.54565;
 787.9881, 373.21515;
 811.42023, 398.56381;
 836.73663, 424.66043;
 861.8714, 447.77402;
 884.36884, 472.98093;
 909.31348, 495.57626;
 931.03052, 518.50757;
 955.185, 541.85889;
 763.97095, 397.49164;
 789.00122, 422.56622;
 815.09332, 446.94894;
 838.18103, 472.46982;
 863.19983, 495.19739;
 885.51117, 517.76788;
 907.34424, 543.53516;
 932.42444, 566.88165;
 740.39984, 423.12308;
 765.51367, 446.59027;
 790.32025, 472.51553;
 814.53278, 495.35864;
 839.24329, 518.32977;
 861.67651, 543.50061;
 886.27527, 565.24658;
 911.74615, 590.39819;
 714.68549, 445.2634;
 741.42706, 470.61972;
 766.37, 495.17783;
 791.55267, 518.3526;
 814.73212, 543.52002;
 840.32233, 568.52057;
 865.52966, 591.19519;
 888.00519, 615.35095]

ChessBoardPoints 0
[834.16687, 328.14319;
 859.55542, 352.45416;
 882.35217, 376.96664;
 907.16559, 401.33176;
 928.83142, 424.07831;
 953.14459, 448.91849;
 974.46466, 472.53464;
 998.27655, 495.3974;
 810.8205, 350.80173;
 835.97449, 376.80621;
 859.54272, 400.01999;
 883.50348, 425.49319;
 907.24554, 448.05273;
 930.10846, 473.04877;
 954.29077, 495.58578;
 975.48108, 517.54565;
 787.9881, 373.21515;
 811.42023, 398.56381;
 836.73663, 424.66043;
 861.8714, 447.77402;
 884.36884, 472.98093;
 909.31348, 495.57626;
 931.03052, 518.50757;
 955.185, 541.85889;
 763.97095, 397.49164;
 789.00122, 422.56622;
 815.09332, 446.94894;
 838.18103, 472.46982;
 863.19983, 495.19739;
 885.51117, 517.76788;
 907.34424, 543.53516;
 932.42444, 566.88165;
 740.39984, 423.12308;
 765.51367, 446.59027;
 790.32025, 472.51553;
 814.53278, 495.35864;
 839.24329, 518.32977;
 861.67651, 543.50061;
 886.27527, 565.24658;
 911.74615, 590.39819;
 714.68549, 445.2634;
 741.42706, 470.61972;
 766.37, 495.17783;
 791.55267, 518.3526;
 814.73212, 543.52002;
 840.32233, 568.52057;
 865.52966, 591.19519;
 888.00519, 615.35095]

Homografy 0
[1.208408224311641, -1.176047826805016, 0.5388124791340638;
 1.141986630549475, 1.040521999712752, 0.02526322350758505;
 0.1904691900281365, -0.2217878300537925, 1]

ChessBoardPoints 1
[834.29932, 328.34879;
 857.90222, 352.24344;
 882.68018, 378.13519;
 907.21765, 400.92767;
 928.82843, 425.09552;
 953.25977, 448.48193;
 974.52991, 473.03699;
 998.35016, 495.11816;
 812.88025, 350.66974;
 835.97217, 374.97198;
 860.87872, 399.67557;
 883.42877, 424.03079;
 907.01746, 447.8266;
 930.2348, 472.50748;
 954.40356, 495.46719;
 976.22906, 519.30371;
 788.21283, 373.88553;
 811.5379, 398.48154;
 836.92468, 424.33923;
 862.20874, 446.90005;
 883.53467, 469.7518;
 906.69452, 495.16815;
 930.57965, 519.86151;
 955.36261, 541.6391;
 765.82837, 397.49408;
 789.1925, 423.5679;
 812.42291, 446.92416;
 838.47852, 472.12494;
 861.9718, 494.83456;
 885.55011, 517.46893;
 907.80969, 542.19977;
 932.57043, 566.51898;
 740.22943, 419.82452;
 765.47638, 446.07938;
 790.3797, 472.21829;
 816.49426, 494.55627;
 839.39594, 518.97803;
 862.41754, 542.77216;
 886.48413, 564.97308;
 911.46295, 589.54108;
 715.10754, 445.06021;
 743.1441, 468.33084;
 765.71423, 494.64838;
 791.6601, 519.06183;
 814.96637, 543.61963;
 840.67578, 568.1947;
 863.96448, 590.52142;
 887.99097, 613.46173]

Homografy 1
[1.192147453529738, -1.165550881243303, 0.5390623538170162;
 1.138037799440594, 1.036041319447502, 0.02524246153450991;
 0.16976809346637, -0.206515426194713, 1]

ChessBoardPoints 2
[834.35895, 326.04437;
 859.75262, 351.87149;
 882.44147, 376.49445;
 907.27747, 400.76602;
 928.78241, 424.61591;
 953.27283, 448.49966;
 974.64789, 471.58527;
 998.37012, 494.8317;
 813.01373, 350.43265;
 836.0033, 375.08173;
 860.5332, 399.47061;
 883.54901, 425.09567;
 906.90466, 447.6398;
 930.42041, 472.44397;
 954.38129, 494.79718;
 975.86688, 517.50806;
 788.2749, 373.30634;
 813.48041, 398.06601;
 837.19464, 424.22992;
 861.15961, 446.78882;
 884.52252, 472.4314;
 906.64362, 494.71255;
 931.42816, 519.27496;
 955.46069, 541.16919;
 766.01062, 396.53857;
 789.39081, 423.33157;
 815.19452, 446.2193;
 838.7077, 471.61679;
 860.7583, 494.77756;
 885.57074, 517.17731;
 908.09827, 541.44318;
 932.62347, 565.98438;
 740.27039, 422.39346;
 765.39532, 445.70645;
 790.29321, 468.84882;
 815.06335, 494.54788;
 839.60504, 517.23291;
 864.56, 542.1203;
 886.526, 564.33618;
 911.81641, 588.83783;
 716.44611, 445.02765;
 741.96954, 469.43753;
 766.93182, 494.45905;
 792.0575, 518.55652;
 815.62964, 542.76624;
 840.4787, 566.09943;
 865.8241, 590.44281;
 888.0976, 612.99115]

Homografy 2
[1.21121818393526, -1.153075742660125, 0.5392246173096963;
 1.145540255709461, 1.047128542423414, 0.02426712645337153;
 0.1962929911204408, -0.1810346867945027, 1]

ChessBoardPoints 3
[835.08612, 328.32755;
 857.71198, 351.85767;
 883.11578, 378.01788;
 908.02228, 400.82339;
 929.47296, 423.34628;
 954.59387, 449.82355;
 975.2514, 471.54776;
 997.9859, 494.73572;
 813.69501, 350.6488;
 836.63489, 374.98386;
 861.53534, 399.42282;
 884.16772, 422.42102;
 908.03436, 447.3815;
 931.07458, 472.67532;
 955.07959, 494.97385;
 975.84991, 516.12189;
 788.28564, 372.24011;
 812.54523, 398.25632;
 837.77448, 424.47256;
 862.50891, 447.04382;
 885.34222, 472.43237;
 907.48022, 494.53821;
 931.59064, 516.54309;
 955.06464, 541.04199;
 763.86981, 396.81363;
 790.07959, 423.29199;
 813.37671, 446.54919;
 839.33282, 471.75226;
 861.53094, 494.65366;
 886.44373, 516.63361;
 910.11096, 541.33722;
 933.591, 566.08612;
 741.08777, 422.37216;
 765.35309, 445.69;
 791.2312, 470.62878;
 814.62732, 494.55896;
 838.95197, 516.61975;
 862.7879, 542.44812;
 887.28638, 564.03461;
 912.3183, 588.92291;
 715.94678, 445.1972;
 742.8056, 468.52744;
 768.03009, 494.47485;
 793.1712, 520.12231;
 816.5047, 542.5249;
 841.99091, 567.6391;
 866.69061, 590.45105;
 888.61133, 613.06281]

Homografy 3
[1.218622007062844, -1.174676263652296, 0.5395099608871988;
 1.141869097137683, 1.037734881126916, 0.02480249800070462;
 0.2061421384308715, -0.2236381316463391, 1]

ChessBoardPoints 4
[836.63458, 326.31604;
 860.46643, 351.33875;
 884.74243, 374.84363;
 907, 400;
 930.5, 424.5;
 953.5, 448;
 976.5, 471.5;
 998.5, 495;
 814.11542, 350.01526;
 837, 375;
 861.60663, 399.61829;
 885.56213, 423.45624;
 908.85663, 447.78265;
 932, 471;
 955, 494;
 977.5, 518;
 789.5, 372.5;
 814, 398.5;
 839.37756, 423.75818;
 862.5, 447;
 885.5, 471;
 909.34045, 495.59381;
 933.5, 519;
 956, 541.5;
 766, 396.5;
 791, 421;
 815, 446;
 839.00146, 470.55182;
 864, 494;
 887, 519;
 910.5, 541.5;
 934.36517, 566.71033;
 742.685, 420.77902;
 767, 446;
 790.45776, 471.03961;
 816, 494.5;
 841, 518.5;
 865.5, 543.5;
 888, 567;
 913.5, 589.5;
 717.75043, 445.12405;
 742.5, 469.5;
 770.06189, 494.54913;
 793.5, 518;
 818, 543;
 842.24133, 565.40833;
 866, 590;
 889.5553, 613.31458]

Homografy 4
[1.209413878619464, -1.158055462086639, 0.5407827410948794;
 1.148901077438288, 1.049529320173699, 0.02332578949037888;
 0.1933115736231347, -0.1956057434857273, 1]