-0.00012964 -9.26001e-05 0
-0.00012964 -5.55601e-05 0
-0.00012964 -1.852e-05 0
-0.00012964 1.852e-05 0
-0.00012964 5.55601e-05 0
-0.00012964 9.26001e-05 0
-0.00012964 0.00012964 0
-0.00012964 0.00016668 0
-9.26001e-05 -9.26001e-05 0
-9.26001e-05 -5.55601e-05 0
-9.26001e-05 -1.852e-05 0
-9.26001e-05 1.852e-05 0
-9.26001e-05 5.55601e-05 0
-9.26001e-05 9.26001e-05 0
-9.26001e-05 0.00012964 0
-9.26001e-05 0.00016668 0
-5.55601e-05 -9.26001e-05 0
-5.55601e-05 -5.55601e-05 0
-5.55601e-05 -1.852e-05 0
-5.55601e-05 1.852e-05 0
-5.55601e-05 5.55601e-05 0
-5.55601e-05 9.26001e-05 0
-5.55601e-05 0.00012964 0
-5.55601e-05 0.00016668 0
-1.852e-05 -9.26001e-05 0
-1.852e-05 -5.55601e-05 0
-1.852e-05 -1.852e-05 0
-1.852e-05 1.852e-05 0
-1.852e-05 5.55601e-05 0
-1.852e-05 9.26001e-05 0
-1.852e-05 0.00012964 0
-1.852e-05 0.00016668 0
1.852e-05 -9.26001e-05 0
1.852e-05 -5.55601e-05 0
1.852e-05 -1.852e-05 0
1.852e-05 1.852e-05 0
1.852e-05 5.55601e-05 0
1.852e-05 9.26001e-05 0
1.852e-05 0.00012964 0
1.852e-05 0.00016668 0
5.55601e-05 -9.26001e-05 0
5.55601e-05 -5.55601e-05 0
5.55601e-05 -1.852e-05 0
5.55601e-05 1.852e-05 0
5.55601e-05 5.55601e-05 0
5.55601e-05 9.26001e-05 0
5.55601e-05 0.00012964 0
5.55601e-05 0.00016668 0
