-0.099575 -0.071125 0 1
-0.099575 -0.042675 0 1
-0.099575 -0.014225 0 1
-0.099575 0.014225 0 1
-0.099575 0.042675 0 1
-0.099575 0.071125 0 1
-0.099575 0.099575 0 1
-0.099575 0.128025 0 1
-0.071125 -0.071125 0 1
-0.071125 -0.042675 0 1
-0.071125 -0.014225 0 1
-0.071125 0.014225 0 1
-0.071125 0.042675 0 1
-0.071125 0.071125 0 1
-0.071125 0.099575 0 1
-0.071125 0.128025 0 1
-0.042675 -0.071125 0 1
-0.042675 -0.042675 0 1
-0.042675 -0.014225 0 1
-0.042675 0.014225 0 1
-0.042675 0.042675 0 1
-0.042675 0.071125 0 1
-0.042675 0.099575 0 1
-0.042675 0.128025 0 1
-0.014225 -0.071125 0 1
-0.014225 -0.042675 0 1
-0.014225 -0.014225 0 1
-0.014225 0.014225 0 1
-0.014225 0.042675 0 1
-0.014225 0.071125 0 1
-0.014225 0.099575 0 1
-0.014225 0.128025 0 1
0.014225 -0.071125 0 1
0.014225 -0.042675 0 1
0.014225 -0.014225 0 1
0.014225 0.014225 0 1
0.014225 0.042675 0 1
0.014225 0.071125 0 1
0.014225 0.099575 0 1
0.014225 0.128025 0 1
0.042675 -0.071125 0 1
0.042675 -0.042675 0 1
0.042675 -0.014225 0 1
0.042675 0.014225 0 1
0.042675 0.042675 0 1
0.042675 0.071125 0 1
0.042675 0.099575 0 1
0.042675 0.128025 0 1
